0.000852498333333333
0.00135802710278171
0.00228984145921735
0.00429059076143329
0.00586254161716172
0.00673512206034889
0.00755729106082037
0.00808765709570957
0.00849749545025931
0.00884530380716643
0.00916426280056577
0.00987524746581801
0.0106957892857143
0.0113458048208392
0.0118396361056106
0.0122427018717586
0.012481318349835
0.0128519724563885
0.0133391956859972
0.0137060189533239
0.0140332581093824
0.014546097689769
0.0150951700636492
0.01602877975719
0.016800507048562
0.017392898019802
0.0179610871287129
0.0185604068599717
0.0188964252475248
0.0190983931989628
0.0194022878948609
0.019934403854314
0.0205863321428571
0.0209057076496935
0.0211528093116455
0.0214685215346535
0.0217873247524752
0.0221644132720415
0.0224194328382838
0.0227131850070721
0.0230457402168788
0.0232962546440358
0.0235147902557756
0.0238647500660066
0.0241818957649694
0.0244213935454974
0.02463182621405
0.0247382841348421
0.0248385328618576
0.0250280141089109
0.0252648364922207
0.0255653016383781
0.0258245880245167
0.0260685869872702
0.0264441052805281
0.0268055184347006
0.0270648795379538
0.0273550346534653
0.0277357335410184
0.02821189194248
0.0285516320648279
0.0288707843187176
0.0294395498114097
0.0301609899339934
0.0307339799622819
0.0310346045261669
0.031387430622348
0.0319222821074965
0.032262794825554
0.0327386745520981
0.0331610334075908
0.0335717239589816
0.0338920142586044
0.0342179307793494
0.0345806902404526
0.03488935572843
0.0351272477604903
0.0353367326732673
0.0356457611975483
0.0359692070957096
0.0361150802687412
0.0362371673738802
0.0364761282413956
0.0367336573550212
0.0369623201320132
0.0371696619519095
0.0374062140499764
0.0378074226779821
0.0384089891560585
0.0387766446487506
0.0391975847477605
0.0394784158415842
0.0397140980669496
0.0400378177746346
0.0406672787600189
0.0412761255304102
0.0414421112682697
0.0416671138613861
0.0420165879537954
0.0425623489156058
0.0432011486327204
0.0437578214285714
0.0440045231023102
0.0442328052805281
0.0444807317303159
0.0447392937293729
0.0452252997406883
0.0455964088873173
0.0458281083215464
0.0461065400754361
0.0465160514851485
0.0469797185289958
0.0477710115511551
0.0485320799184347
0.0490684135155587
0.0496351091197548
0.0498799674132485
0.0502549890381895
0.0508010809759547
0.051275852310231
0.0516568157708628
0.052089181282414
0.0529778474776049
0.0535859774870344
0.0539366102074493
0.0543236280056577
0.0546444579207921
0.0549893685761433
0.0557308828382838
0.0562472127534182
0.0565201417963225
0.0569545684818482
0.0572454471947195
0.0574555049504951
0.0576670363036304
0.0578457271034889
0.0579908546657237
0.0582404647635549
0.0585989430476191
0.0590652833569071
0.0593550792079208
0.0595028541961339
0.0596719652286657
0.0600056251768034
0.060530922795851
0.0610201985426686
0.0613761348036304
0.0617914142343234
0.0622218829710043
0.0627278082272513
0.0635179283356907
0.0639721653170674
0.0643565980801509
0.0650806838342763
0.0657443890957096
0.0663547123998114
0.0670200051862329
0.0678272025535125
0.0688368884608675
0.0694194478236681
0.0696191555985384
0.0698584273762376
0.0701727767116926
0.0705519157637907
0.0711423702944366
0.0716601497152287
0.0724185113090523
0.0731871023121169
0.0737997230379538
0.0742689862093352
0.0746298267326733
0.0748767252475248
0.0751478435879302
0.0755140651815182
0.0760730439651108
0.0763838613861386
0.0766544405940594
0.0770224363507779
0.0775148999292786
0.0781599718293258
0.0788624850306459
0.0793744588637435
0.0796652062706271
0.0799096367279585
0.080157716525224
0.0805165070721358
0.0810318198962753
0.0816567546518152
0.0821770931433286
0.0825322953481848
0.0828961113828383
0.0832231277699198
0.0837427425742574
0.0845277234794908
0.0850124219707685
0.0853094636963696
0.0857085792079208
0.086210703088166
0.0868772508250825
0.0871192553041018
0.0873850103724658
0.0877311743281471
0.0879555595238095
0.0883762450495049
0.0888400038896747
0.089384555398397
0.0901197586044319
0.0906247317303159
0.0909632319660538
0.091361551980198
0.0919692169966997
0.0924765359500236
0.0928860196841113
0.0931286788071664
0.0933950524516737
0.0938814955209807
0.0944150964167845
0.094869152640264
0.0953040781471004
0.0960197469354078
0.0965348307451674
0.0970018858180104
0.0977055721072607
0.0979215251673739
0.0983745082508251
0.0992603349834983
0.0999447286657237
0.100388974540311
0.100934871051391
0.101437241631306
0.102084125766148
0.103141254950495
0.10410875884017
0.105589706506365
0.107410356435644
0.108904597595474
0.110349264851485
0.11230709912777
0.114237650165017
0.116269116808109
0.116859149104196
0.117268411480434
0.117995225247525
0.119323264497878
0.120516746228194
0.121427891089109
0.122407365040075
0.123533172442244
0.124661966407355
0.125654006482791
0.126420859500236
0.126871849363508
0.127330311881188
0.128000232909005
0.128818355021216
0.129167493752947
0.129529036657237
0.129978921499293
0.130378693069307
0.130996297029703
0.131763092409241
0.133103500942951
0.134487723243753
0.135893731140971
0.136773209806695
0.137418405586987
0.137998544554455
0.138532103017445
0.13946528854314
0.140414804101839
0.140791660066007
0.141229405469118
0.141831942362093
0.14235322689769
0.14265786338991
0.142981478665724
0.143633728606082
0.144439006277228
0.14506085970132
0.145674119276756
0.146388323473597
0.147148626066242
0.148310170909948
0.149307935407826
0.150171148514851
0.151259499057049
0.15192781824611
0.152629173267327
0.153331756011315
0.153937901225837
0.154361214403583
0.155171705091938
0.156147578264969
0.156943667397454
0.157246724587459
0.157532942644979
0.157988041621169
0.15866119211174
0.159614735158652
0.160531769604432
0.161506281235266
0.162482194719472
0.16353604078265
0.164638095238095
0.165605354813531
0.166455653441773
0.167228651527817
0.168311872937294
0.169472474422442
0.17082371805752
0.17198896369637
0.172969916077322
0.174011445073079
0.175179491041961
0.176514195662423
0.17751854620462
0.178299723008015
0.179120902876002
0.18008612116926
0.180495322960868
0.180927064356436
0.181549056341348
0.182912821782178
0.184235119754833
0.185149306930693
0.186577146628949
0.188334084394154
0.189543736209335
0.190270664545026
0.191039422442244
0.191971834040547
0.192940377180575
0.194344698491278
0.195741253536068
0.196444169966997
0.197367391324847
0.198477424092409
0.199715842998586
0.200864511551155
0.201907841112683
0.202922312706271
0.203962940947666
0.204793960631777
0.205489527227723
0.206232129184347
0.207113744931636
0.208317162894861
0.210113071664309
0.211459842055634
0.212223543847242
0.21313999339934
0.214608243517209
0.216136514851485
0.217877537718057
0.219229380009429
0.220342944365865
0.22136711338991
0.222546890924092
0.223365470909948
0.224033318882603
0.224807287835926
0.225365945308817
0.226470752828854
0.227465487034418
0.229060024752475
0.230528989863272
0.23164708922678
0.233384222654408
0.234766213932108
0.23577487883074
0.236765347241867
0.238468278877888
0.239929921499293
0.241402070957096
0.242127028524281
0.243260330033003
0.245488537246582
0.247404230315889
0.248693143564356
0.249949081801037
0.251519255068364
0.253061026638378
0.254641461574729
0.256414831447431
0.257630371287129
0.258815619636964
0.261427628477133
0.263430979372937
0.265269048915606
0.266608975483263
0.267676842880717
0.26907661126827
0.271015445544555
0.273925980644743
0.275613341531353
0.276492491326025
0.277398166743046
0.279505440829797
0.281168149457803
0.282890660066007
0.284237303158887
0.285470142621405
0.286966988448845
0.28812593941537
0.28895380952381
0.289842072135785
0.291035334158416
0.292594331918906
0.29455455504479
0.296105050379302
0.297283411748939
0.298611531117397
0.299873743369165
0.301382155719472
0.302522891651579
0.304158144743046
0.305429542668553
0.306657627887789
0.308218116454503
0.311244852663838
0.312947202970297
0.314227716878831
0.315878556110561
0.317317970330033
0.318560466025224
0.321483664959925
0.323395640735502
0.325187590759076
0.327386270627063
0.329405653936822
0.332121574021688
0.335256659005186
0.338290203206035
0.339867194719472
0.341510759075908
0.343992545968883
0.345781956624234
0.34685293611504
0.348613756482791
0.351326581801037
0.353788574954738
0.356493613823432
0.359201364484206
0.361390691480669
0.363290179160773
0.365128241395568
0.367028280292315
0.368047824139557
0.369493952145215
0.371770627062706
0.373375523338048
0.374419514380009
0.375299589053277
0.376897957374823
0.37870369534842
0.381998927036304
0.384804140748703
0.387958418198963
0.39216664427157
0.395510326496935
0.398917204148986
0.401906216407355
0.40353001650165
0.40463426320132
0.406736041371994
0.409249308698727
0.412217934936351
0.414652104010844
0.41935012113107
0.423133325082508
0.425944937529467
0.427551713814239
0.429006538189533
0.432631614804338
0.436933834276285
0.439232772277228
0.442603292079208
0.448200181518152
0.452727967174682
0.454961713859736
0.457018532532532
0.458832487034418
0.460612843470061
0.463259348184819
0.466867278394625
0.469553832650165
0.473461253722772
0.477382815888732
0.481171552310702
0.483975848605139
0.486461084676568
0.489088931239274
0.490056782649694
0.491196589632956
0.493389511746582
0.495753485379774
0.498635381846063
0.501220401523102
0.503578428807166
0.50633557048562
0.508422479962282
0.509945811409713
0.512806919730316
0.516881648410184
0.519054806930693
0.520910714285714
0.524065044818246
0.527568762038897
0.530679188724423
0.53496677162447
0.537462516528053
0.539189389438944
0.542595825082508
0.547040541018388
0.549472026166902
0.552378543140028
0.55634046911834
0.559507543611504
0.561791207920792
0.56383368505422
0.566071641914191
0.569720918198963
0.571911772748703
0.575260853371051
0.578102188826025
0.579961872937294
0.582586651343706
0.5848589097124
0.588247241867044
0.590999695898161
0.594069438943894
0.597160902876002
0.600870668316832
0.605254147807638
0.609520126119755
0.61256342291372
0.615761331918906
0.618581044318718
0.620723986327204
0.623896245874587
0.628835212184111
0.633525998553277
0.635476157631542
0.639533359264498
0.644351706742103
0.647774725365394
0.650514257425743
0.652842867751061
0.655041027817067
0.658295964167846
0.6614628524281
0.664847149929279
0.668081670202735
0.672778474917492
0.676675251944837
0.680438319047619
0.683833854608675
0.688254777227723
0.691461718528996
0.695518124705328
0.699658613861386
0.704228257897218
0.708301310702499
0.711911687883074
0.716744623998114
0.724641453323904
0.730566216407355
0.733723209570957
0.737081520509194
0.744657789957567
0.748197798208392
0.752126296558227
0.755985462046204
0.761554653936822
0.764568605610561
0.767100529133663
0.77190537163272
0.77755277381306
0.784197842205092
0.78836146039604
0.791778374587459
0.794245057755775
0.797475500942951
0.802834559170203
0.806235747289015
0.81064416077322
0.813861640735502
0.815708286185762
0.817856089108911
0.822025799174446
0.824724380060585
0.826582714946252
0.828103571825318
0.83083185488826
0.834492441903583
0.838856787709571
0.843245948454738
0.848578929750118
0.853749792550684
0.859954015794437
0.865924309288072
0.871422126355493
0.879790214521452
0.889987611975484
0.898117970297029
0.906193378123527
0.914449642857143
0.919584390617633
0.923751574728902
0.927630041254125
0.932432167609618
0.942171582979726
0.950753788307403
0.956410172088637
0.959557329090052
0.962576049033475
0.965343553320132
0.96863435051108
0.974544425978312
0.98086267484182
0.988333612416077
0.999057223498114
1.00877716808109
1.01643636138614
1.0257757197909
1.04020410149529
1.05398818326379
1.06575979490806
1.07743177039132
1.08581801155116
1.09576096534653
1.10250023927393
1.10873951909477
1.11490336162188
1.12023184347006
1.12909193776521
1.13937838602357
1.14650734875908
1.15135836869401
1.15576802215936
1.15831333097595
1.17023819896275
1.17848713578501
1.18564404526167
1.19477277227723
1.2009916077322
1.2094689533239
1.22261261197548
1.23441463814239
1.2459671251768
1.25549207802923
1.27074068481848
1.28225044554455
1.29022881423857
1.29920299151344
1.3105352640264
1.32247958981612
1.33702931400283
1.34803415841584
1.36582884724187
1.39520323550212
1.42391323668081
1.45068517562471
1.47359124001037
1.49552360839793
1.51631303079538
1.5426344286761
1.55673977524941
1.57326249410655
1.59094818481848
1.60397655586987
1.61627048797737
1.64269112211221
1.68119501414427
1.72746630127299
1.7618096039604
1.78152078972183
1.80152634134842
1.83410938708157
1.86817660891089
1.88392555398397
1.90358597006129
1.92725662423385
1.9433849669967
1.97864279820839
2.01882105846299
2.04544879537954
2.08736320132013
2.14479899575672
2.19999936822254
2.23843500942951
2.26631865157944
2.30145782296087
2.34912836633663
2.40281635195663
2.44998017916077
2.4909286067645
2.55351911357284
2.65373074568718
2.77313586947762
2.86484105610561
2.95378080975955
3.18387255021217
3.50793477817069
3.73459583734087
3.98203080410184
4.69512660301739
5.625275
